562592.66473389 1825871.04315186 9.56243992
562329.71905518 1825744.62506104 13.49908924
562532.29150391 1825652.07379150 10.96066856
562673.57470703 1825569.08538818 9.16692448
562669.58917236 1825688.22204590 9.57077503
562443.01953125 1825824.26239014 10.14640522
562353.12902832 1825778.65863037 13.46177673
562704.24572754 1825691.35870361 9.16226768
562499.89013672 1825481.43811035 10.52254868
562557.96984863 1825530.20214844 10.07611847
562668.04272461 1825842.98388672 10.32199192
562598.67315674 1825914.63702393 9.03769302
562513.57501221 1825401.17193604 9.76580048
562567.36444092 1825439.26171875 9.96765327
562536.01379395 1826024.37207031 5.03562927
562603.75708008 1825511.05242920 9.49642181
562559.08898926 1825926.48999023 9.01891708
562668.84375000 1825642.07196045 9.32250023
562469.56835938 1825779.08013916 10.63593483
562530.34747314 1825574.55889893 10.64325714
562452.42761230 1825463.98455811 11.65334320
562365.58233643 1825694.81182861 12.76481533
562358.22033691 1825454.64532471 10.72072697
562644.47833252 1825764.20648193 9.39965343
562428.15747070 1825483.16754150 11.98797703
562619.21612549 1825491.59289551 9.66639614
562463.76446533 1825566.73181152 11.40739155
562441.95776367 1825648.48455811 12.04501438
562477.15625000 1825401.86825562 11.05745983
562592.61492920 1825819.69592285 9.19860363
562516.76116943 1825606.13818359 10.97326851
562386.98376465 1825772.35888672 11.44446182
562484.24340820 1825749.05389404 10.98597240
562707.51440430 1825715.11126709 9.20062351
562662.01043701 1825933.59826660 7.58304262
562606.10375977 1825563.02935791 9.66659355
562452.63922119 1825547.48895264 11.44079113
562695.23852539 1825766.22863770 9.00897884
562308.95013428 1825631.18420410 12.41153526
562590.99792480 1825473.01318359 9.76394081
562410.77813721 1825660.83959961 12.38031197
562491.76947021 1825811.18487549 9.93888283
562468.79205322 1825713.38549805 11.56869698
562610.77038574 1825956.17138672 8.49408340
562547.29901123 1825385.79687500 6.54754829
562576.21923828 1825888.77709961 9.43852806
562374.24273682 1825574.51672363 12.42070103
562468.26391602 1825476.11163330 11.45161629
562606.89660645 1825673.22253418 10.22540855
562653.93780518 1825458.89916992 10.38897133
562618.06140137 1825577.07989502 9.59551239
562703.30780029 1825578.06988525 9.14364815
562559.49114990 1826004.48828125 8.59523296
562532.04870605 1825773.50012207 10.19310760
562548.41973877 1825494.82580566 10.00626087
562663.25146484 1825900.81713867 8.31539631
562623.92846680 1825634.25158691 9.82587147
562555.52673340 1825674.18096924 10.87224865
562433.37908936 1825861.64202881 9.26383781
562510.68719482 1825908.24792480 9.41863155
562656.72900391 1825494.72552490 9.69832325
562388.94995117 1825738.66717529 11.96109009
562476.83209229 1825848.29949951 9.33294964
562451.67498779 1825799.36096191 10.46670818
562587.22558594 1825658.15588379 10.29125786
562443.30352783 1825445.00396729 11.11306477
562421.95074463 1825397.38977051 9.29355907
562401.19317627 1825708.59936523 12.20590591
562378.56384277 1825475.91320801 12.22899342
562396.17742920 1825868.81158447 11.51917648
562602.31890869 1825456.50549316 9.61210442
562622.48608398 1825935.77832031 8.03301144
562516.34240723 1825875.95977783 9.60747242
562373.45971680 1825819.64263916 12.54369640
562501.89208984 1825515.07421875 10.67540932
562626.18933105 1825851.05181885 9.66449070
562616.01751709 1825712.56298828 10.25282478
562556.94299316 1825974.48962402 9.74828720
562566.09326172 1825835.72583008 9.55353832
562481.64868164 1825729.79840088 11.31369591
562400.58947754 1825680.02825928 12.44460106
562437.24859619 1825624.38714600 12.03110027
562535.66717529 1825528.65576172 10.33799362
562464.54443359 1825622.69299316 11.69192886
562435.42004395 1825703.12127686 11.94822979
562316.92205811 1825525.45269775 13.47686577
562527.03161621 1825969.90625000 9.72910309
562653.04528809 1825816.63354492 9.56964970
562337.26837158 1825718.53399658 12.99377823
562411.68853760 1825775.72326660 11.18215656
562359.63562012 1825845.27880859 12.90868664
562485.41711426 1825870.32489014 9.47741985
562554.84344482 1825461.90399170 9.79350471
562383.72027588 1825594.29138184 12.52134228
562455.15380859 1825917.73608398 13.06905460
562329.33917236 1825469.69006348 11.65446568
562403.97613525 1825598.82958984 12.29942131
562457.31372070 1825677.08660889 11.96665668
562408.46069336 1825889.83679199 12.00211811
562699.33013916 1825506.64111328 8.94541550
562512.69030762 1825637.10772705 11.18573380
562642.19952393 1825891.58581543 9.60024643
562472.29821777 1825530.56237793 11.11490631
562577.29077148 1825809.23754883 9.34563923
562288.51348877 1825584.45318604 13.44925976
562470.16290283 1825597.53784180 11.49179077
562403.23217773 1825917.34454346 12.73890018
562420.15374756 1825933.95703125 12.46824169
562736.85046387 1825703.48986816 7.95589590
562493.58209229 1825442.49786377 11.09013939
562413.60333252 1825855.98522949 9.20954514
562376.15655518 1825751.78656006 12.98657894
562364.30981445 1825493.76873779 12.61257362
562539.24163818 1825714.09759521 10.93929100
562320.01483154 1825599.34631348 14.12259579
562747.00964355 1825553.44171143 7.85039997
562578.85937500 1825951.17224121 9.08466148
562684.89282227 1825536.35723877 9.42818356
562700.73022461 1825624.89825439 8.84745979
562478.13922119 1825501.40814209 10.89012337
562672.91546631 1825790.57403564 8.87835884
562694.61224365 1825831.90515137 10.03837204
562296.94134521 1825604.62878418 13.16144466
562390.61474609 1825529.61914062 12.52006149
562670.99627686 1825602.54895020 9.08904552
562331.61572266 1825652.48748779 13.27316761
562347.79724121 1825436.49707031 9.89231682
562357.87121582 1825873.21948242 11.89986229
562645.02746582 1825912.22052002 8.36604023
562579.81695557 1825744.79071045 10.24192619
562648.74188232 1825790.28649902 9.05592537
562576.07153320 1825710.80584717 10.64066029
562502.39483643 1825778.45751953 10.36650276
562593.59191895 1825782.16754150 9.55144215
562635.81616211 1825981.51208496 6.75161505
562586.15014648 1825435.41253662 9.14611053
562316.89904785 1825667.70544434 12.57901859
562667.97863770 1825738.96740723 9.58371258
562643.70208740 1825675.57946777 9.78317738
562337.50720215 1825610.66778564 12.92676544
562620.17230225 1825874.82354736 9.91176605
562670.23779297 1825882.77270508 9.69293880
562414.31256104 1825461.48876953 11.71724224
562651.84667969 1825706.87438965 9.82612324
562514.22326660 1825423.37365723 10.68623161
562522.65502930 1825930.92456055 9.25555229
562634.19329834 1825471.09710693 9.69709206
562574.00482178 1825358.38079834 5.34106207
562718.56750488 1825560.63342285 8.49661922
562501.69354248 1825551.50909424 10.86906910
562620.81115723 1825764.17810059 9.58606434
562558.77752686 1825728.59948730 10.64845371
562409.33728027 1825508.23242188 12.25666428
562728.90673828 1825740.75305176 7.52207708
562515.52978516 1825660.25115967 11.13937283
562517.48956299 1825838.12127686 9.40982533
562635.98590088 1825544.07757568 9.29613686
562458.50976562 1825752.86071777 11.14520359
562572.95477295 1825459.96075439 9.83462906
562439.20336914 1825586.91680908 11.81109715
562648.84301758 1825644.38085938 9.57651806
562724.63659668 1825673.34271240 8.88257885
562390.89678955 1825554.57250977 12.53443146
562475.69244385 1825649.81170654 11.64044857
562446.21929932 1825415.92926025 11.26259804
562705.96838379 1825642.79687500 8.87739086
562654.09918213 1825621.80627441 9.39487839
562553.96929932 1825692.86395264 10.92840767
562575.79516602 1825688.01629639 10.66630936
562443.11444092 1825382.99893188 7.74737406
562484.70147705 1825904.43634033 9.51663113
562453.34936523 1825881.70977783 9.43492031
562298.60119629 1825542.45709229 12.67078209
562358.22192383 1825758.23657227 13.31411839
562691.04412842 1825594.59466553 8.99957275
562626.53784180 1825816.59887695 9.32759953
562432.85192871 1825745.50335693 11.48008537
562516.62158203 1825996.76379395 7.04607010
562588.61169434 1825533.63330078 9.72382259
562435.70068359 1825910.52624512 12.82628250
562401.33325195 1825815.16406250 10.64512062
562510.33941650 1825749.80175781 10.75293255
562326.27642822 1825800.31896973 12.37013245
562300.17163086 1825474.34075928 10.68213844
562477.40783691 1826003.21057129 6.94840765
562411.63250732 1825533.20666504 12.24454308
562644.53125000 1825938.65051270 8.33947372
562709.78259277 1825525.26110840 10.12475872
562388.72314453 1825413.51531982 10.38384056
562580.07379150 1825393.53964233 9.36451054
562729.69042969 1825617.65679932 8.66624451
562576.49902344 1825414.03308105 9.37292957
562587.20941162 1825611.60681152 10.15055752
562480.62390137 1825667.12896729 11.72306633
562572.09106445 1825771.36901855 9.88619995
562500.82598877 1825591.64971924 11.09063435
562536.83581543 1825872.74737549 9.65562630
562521.64666748 1825556.19177246 10.65182781
562497.47442627 1825650.06622314 11.38014603
562611.84820557 1825415.23059082 8.68606281
562645.52960205 1825723.94232178 9.91979694
562375.92193604 1825869.68920898 13.47460747
562341.91058350 1825693.72668457 13.04219341
562411.26019287 1825739.87823486 11.75244808
562740.00610352 1825651.26074219 6.73775196
562684.36938477 1825669.32482910 9.21296215
562433.86230469 1825521.07989502 11.94028664
562379.15496826 1825708.52722168 12.40135002
562454.71136475 1825728.29510498 11.56705761
562697.64971924 1825731.12622070 9.34709358
562571.97454834 1825504.75775146 9.77331734
562508.89916992 1825730.40850830 11.07288551
562613.42718506 1825988.38781738 7.52998114
562544.52801514 1825755.79803467 10.36793518
562540.38586426 1825612.51239014 10.72141075
562616.57537842 1825597.05847168 9.71873474
562431.83679199 1825947.94116211 11.95452881
562353.42199707 1825645.64349365 13.07640457
562720.15063477 1825772.22827148 9.29281235
562568.47546387 1825376.48828125 7.42945099
562507.98657227 1825975.50207520 9.81960011
562541.84051514 1825447.81695557 9.88009644
562544.42590332 1825408.11837769 9.59152126
562636.17376709 1825835.83184814 9.77973557
562501.27954102 1825689.36230469 11.47702789
562356.12713623 1825804.36016846 12.80379391
562453.86254883 1825939.45019531 12.22195148
562565.69311523 1825601.73614502 10.35862350
562534.89550781 1825675.26330566 11.11258984
562470.49578857 1825821.75732422 9.96565151
562486.12640381 1825380.64517212 8.52485371
562364.19775391 1825620.73504639 12.90015793
562354.96600342 1825671.39978027 12.98252010
562342.88323975 1825538.47167969 13.99180317
562651.88897705 1825553.15197754 9.25287819
562499.17633057 1825709.62158203 11.33076668
562627.31976318 1826003.17138672 4.26412058
562331.93414307 1825582.51928711 12.69002438
562547.99426270 1825893.04083252 9.46819592
562662.53997803 1825761.18518066 9.30493450
562498.16278076 1826014.51428223 5.60581970
562578.14178467 1826011.24011230 5.62127066
562655.33721924 1825513.03326416 9.55953598
562559.24822998 1825816.82489014 9.28997040
562378.49298096 1825447.60974121 10.44124794
562402.97906494 1825759.27569580 11.51583481
562592.55755615 1825896.76666260 9.52941990
562561.31982422 1825787.28729248 9.72626877
562520.02227783 1825456.22198486 10.14700890
562454.39416504 1825505.27410889 11.47982216
562305.58850098 1825714.02636719 12.03731441
562340.08758545 1825485.45220947 11.68599987
562604.81097412 1825727.87109375 10.24721718
562402.52557373 1825490.17095947 12.33352757
562427.62457275 1825604.98498535 12.04651356
562488.87408447 1825624.54766846 11.40743637
562482.00463867 1825975.76745605 9.70982170
562645.13323975 1825578.27984619 9.27520657
562630.24157715 1825783.22790527 9.27453327
562647.65539551 1825597.61853027 9.34515476
562438.88629150 1825673.45983887 12.15881443
562569.15716553 1825567.62738037 10.13712883
562313.36901855 1825571.68634033 14.61004639
562677.43450928 1825459.61889648 9.26030636
562379.78039551 1825792.92333984 11.18107605
562595.80895996 1825366.90036011 6.07532787
562422.29650879 1825435.82897949 10.72063065
562327.80718994 1825631.92913818 13.50503159
562740.10412598 1825592.95318604 7.71402121
562633.80187988 1825428.64141846 9.22933388
562549.02569580 1825950.06005859 10.35335541
562430.65161133 1825563.17626953 11.78940296
562426.62921143 1825726.75280762 11.82977295
562525.85961914 1825810.51013184 9.70110989
562304.76446533 1825494.66101074 11.57992935
562465.80883789 1825898.62805176 9.56455040
562488.24438477 1825957.49291992 11.93704796
562637.11132812 1825743.33105469 9.77839756
562648.48870850 1825966.04663086 5.84217167
562328.38793945 1825448.60375977 9.90798092
562390.62603760 1825901.45599365 13.50082970
562589.81860352 1825631.13830566 10.22155571
562451.85620117 1825772.79583740 10.88621616
562454.37670898 1825845.64721680 9.24650669
562506.68188477 1825367.28576660 8.08716679
562402.82464600 1825388.67492676 7.95703030
562398.86169434 1825835.63684082 10.34249878
562624.51000977 1825615.17047119 9.71826458
562692.76123047 1825482.99218750 9.05577469
562345.15405273 1825834.28137207 12.56849098
562594.78662109 1825699.15893555 10.46999550
562463.32818604 1825865.93859863 9.38291836
562376.99291992 1825659.77685547 12.68747330
562507.47540283 1825951.45678711 10.83557320
562626.02563477 1825688.87396240 10.08805656
562427.69317627 1825889.00225830 10.55089760
562549.40374756 1825848.47631836 9.56772518
562358.94506836 1825549.10986328 13.05318069
562460.33520508 1825956.96813965 11.80200005
562549.21282959 1825565.18408203 10.36645412
562305.14044189 1825682.82489014 12.29303265
562643.56512451 1825858.31237793 10.15048504
562362.59851074 1825588.55804443 12.63077068
562483.91412354 1825555.01159668 11.10277843
562709.06408691 1825813.13110352 10.03116798
562347.59576416 1825504.19555664 13.11027622
562286.86889648 1825621.07067871 11.22012043
562402.98870850 1825618.36700439 12.41449356
562538.23065186 1825366.97512817 7.12259054
562613.32104492 1825471.59234619 9.80716133
562730.22436523 1825575.45532227 7.83601141
562534.15917969 1825905.90612793 9.38285923
562475.82141113 1825936.29223633 12.94126606
562534.23675537 1825831.37615967 9.34458447
562299.21905518 1825658.83648682 11.23844147
562324.00549316 1825687.54821777 12.38718700
562368.18096924 1825426.50744629 9.65051937
562421.96063232 1825795.54577637 10.78103447
562501.02368164 1825828.13751221 9.26580811
562622.51141357 1825895.76153564 9.51841831
562569.64404297 1825479.91711426 9.67954731
562575.61181641 1825974.63806152 10.04045868
562369.67730713 1825523.97546387 13.48444080
562553.36914062 1825653.68011475 10.70532322
562458.37005615 1825986.90698242 9.46170044
562671.27728271 1825715.20971680 9.61916542
562325.48974609 1825552.98461914 14.44813442
562516.87945557 1825503.95666504 10.43564224
562393.72265625 1825643.28479004 12.63351631
562474.83465576 1825450.00384521 11.34636784
562672.21441650 1825814.81970215 9.63923836
562490.02124023 1825418.50708008 10.74343586
562393.44573975 1825432.88342285 10.19530010
562681.07263184 1825897.98272705 8.71594810
562676.12884521 1825503.27154541 9.62624359
562596.20190430 1825973.92285156 8.06273651
562632.20977783 1825451.33996582 9.33717060
562360.93511963 1825736.06170654 12.92144775
562531.70989990 1825737.79095459 10.76181507
562604.40338135 1825855.99908447 9.67220306
562548.00714111 1825546.97589111 10.28534985
562500.17852783 1825930.45275879 11.36214447
562415.33068848 1825693.45037842 12.20438957
562389.16406250 1825502.92718506 12.51901340
562534.65679932 1825998.21765137 7.22418356
562425.81323242 1825832.54205322 10.16282845
562517.75506592 1825532.80767822 10.57606506
562451.66149902 1825606.10321045 11.76076221
562470.89404297 1825798.79113770 10.31293201
562705.65295410 1825786.68182373 9.59000015
562680.81652832 1825857.83367920 8.38978863
562358.26934814 1825476.01763916 11.30002213
562464.97827148 1825380.89212036 9.29576874
562622.15435791 1825520.38854980 9.45562077
562470.85534668 1825689.43292236 11.74596882
562608.07934570 1825624.13977051 9.96340942
562500.34051514 1825859.88732910 9.47049999
562516.53259277 1825700.16003418 11.25442600
562380.47296143 1825394.23815918 8.48235989
562542.88385010 1825632.16583252 10.79467010
562511.68200684 1825793.88079834 10.04355812
562499.07128906 1825886.11541748 9.60539532
562570.62670898 1825868.53546143 9.63901806
562703.65655518 1825671.50738525 8.98955917
562583.80755615 1825843.21618652 9.65033150
562399.58630371 1825792.49749756 11.01902962
562610.19232178 1825831.18896484 9.67161751
562463.28515625 1825434.62988281 10.73482227
562525.73150635 1825384.17309570 8.97413254
562570.67401123 1825906.77813721 9.28611660
562596.07727051 1825943.17944336 8.29635239
562658.40136719 1825535.11254883 9.39896774
562601.55419922 1826005.64294434 5.64427853
562622.50073242 1825656.20391846 9.87609482
562672.06561279 1825523.15673828 9.50800514
562424.37951660 1825762.21307373 11.28792667
562539.87506104 1825475.55255127 10.00820923
562595.63952637 1825763.84582520 9.80584908
562568.90795898 1825644.48242188 10.53666019
562606.92370605 1825805.69116211 9.17389488
562378.86981201 1825841.95269775 12.75709724
562582.85107422 1825926.44677734 8.68589115
562625.50048828 1825559.11730957 9.41142845
562536.91308594 1825593.78491211 10.66550255
562603.96160889 1825432.26501465 8.73451328
562709.85833740 1825746.10247803 9.51702213
562654.99383545 1825439.08703613 8.59373379
562743.86804199 1825630.05755615 8.32111931
562525.70953369 1825951.88757324 11.18411827
562501.69055176 1825460.28790283 10.52737522
562354.92175293 1825570.89581299 12.25693703
562578.61614990 1825550.20324707 9.93200397
562615.86584473 1825539.63024902 9.42510605
562422.50433350 1825376.86080933 9.59213543
562424.54705811 1825639.33789062 12.26301003
562320.88262939 1825505.46496582 13.00586510
562291.57324219 1825559.14349365 13.39885998
562720.96716309 1825599.57012939 8.88509941
562690.64245605 1825811.45776367 9.61108112
562317.70544434 1825765.01080322 13.09899998
562397.66296387 1825572.57928467 12.23797989
562600.17089844 1825398.52169800 9.06575203
562382.59448242 1825677.39227295 12.62505913
562539.22479248 1825794.55694580 9.79861259
562582.04907227 1825588.48425293 10.09088707
562594.05999756 1825494.20422363 9.61009693
562414.64556885 1825415.46606445 10.35211754
562617.63519287 1825740.99926758 9.98064613
562618.99145508 1825917.14477539 8.52921009
562539.42840576 1825426.80224609 9.80177498
562744.13537598 1825676.93890381 8.64589119
562332.08929443 1825782.93511963 12.89305401
562491.92742920 1825572.81951904 11.09952259
562709.31750488 1825543.60919189 8.55059528
562309.52770996 1825745.19818115 12.45203400
562369.42681885 1825890.91290283 12.32219505
562571.56188965 1825623.88061523 10.40388775
562629.21508789 1825955.77453613 8.07433319
562695.43609619 1825558.88085938 9.27549744
562433.17224121 1825463.34356689 11.81613159
562659.48248291 1825666.17169189 9.49881744
562489.32299805 1825536.61694336 10.94078541
562496.04425049 1825995.00549316 7.46543503
562415.43347168 1825582.66137695 12.07693291
562432.30462646 1825501.41217041 11.94702435
562515.44165039 1826022.88098145 5.02348661
562336.99401855 1825519.94018555 13.55964088
562362.33123779 1825717.89892578 12.70838165
562652.30773926 1825874.75256348 9.67404175
562354.44567871 1825413.51885986 9.01995850
562319.91687012 1825729.44915771 12.97564888
562432.27923584 1825542.45507812 11.66129398
562436.46984863 1825783.22924805 10.85249519
562688.27404785 1825706.04736328 9.40360832
562562.86810303 1825399.87655640 8.19507313
562669.75225830 1825478.90692139 9.56436443
562683.78240967 1825747.60205078 9.31482887
562511.17773438 1825576.33203125 10.88444519
562391.06164551 1825460.47906494 11.64332008
562662.78106689 1825584.21875000 9.09209251
562412.28588867 1825559.25567627 11.99149227
562341.66833496 1825815.88281250 13.73355484
562716.91192627 1825500.69769287 7.30956459
562447.70574951 1825487.54412842 11.73284149
562311.80023193 1825458.81689453 9.70366669
562586.30633545 1825994.67187500 8.00585938
562637.19830322 1825497.15863037 9.65099812
562372.64575195 1825640.32135010 12.89563942
562384.28448486 1825623.67773438 12.66854668
562521.91943359 1825856.40368652 9.52113342
562697.47100830 1825464.72863770 8.05665207
562676.94915771 1825620.91741943 9.11313534
562642.55108643 1825525.95001221 9.44374847
562605.13763428 1825647.03466797 10.09951210
562287.64593506 1825640.68029785 12.39529896
562128.50000000 1825263.37500000 -6.65099621
562143.37500000 1825278.50000000 -5.63999462
562153.56298828 1825261.50000000 -5.93099499
562165.75000000 1825279.25000000 -4.95600414
562126.68798828 1825297.37500000 -5.80199718
562126.43798828 1825319.25000000 -5.26400280
562127.37500000 1825340.50000000 -4.62200451
562153.43798828 1825295.50000000 -4.95600414
562164.56298828 1825310.37500000 -4.24599743
562146.68798828 1825314.62500000 -4.74100780
562146.75000000 1825334.25000000 -4.22899914
562170.50000000 1825327.62500000 -3.63399792
562126.50000000 1825360.37500000 -4.08199596
562143.56298828 1825373.37500000 -3.24399853
562126.37500000 1825393.62500000 -3.03499889
562143.56298828 1825402.25000000 -2.35900402
562153.56298828 1825351.62500000 -3.54000378
562173.37500000 1825351.37500000 -2.94599438
562165.25000000 1825367.50000000 -2.76299572
562158.56298828 1825385.62500000 -2.48400402
562162.25000000 1825403.37500000 -1.84099853
562178.50000000 1825263.12500000 -4.96900463
562189.43798828 1825278.37500000 -4.22899914
562199.56298828 1825263.37500000 -4.41900158
562213.68798828 1825278.50000000 -3.59800243
562225.37500000 1825263.37500000 -3.84600353
562236.56298828 1825278.50000000 -3.10000134
562253.50000000 1825263.37500000 -3.30100536
562270.62500000 1825269.25000000 -2.85500622
562290.31298828 1825263.12500000 -2.91799450
562301.56298828 1825277.25000000 -2.13100719
562178.50000000 1825294.37500000 -4.16799450
562184.62500000 1825311.37500000 -3.55199718
562202.50000000 1825294.25000000 -3.41599560
562191.62500000 1825331.50000000 -2.83399487
562202.56298828 1825314.62500000 -2.88900280
562223.43798828 1825294.50000000 -2.85700488
562230.56298828 1825311.37500000 -2.17299938
562217.31298828 1825327.50000000 -2.09200573
562226.56298828 1825343.62500000 -1.38999450
562238.68798828 1825329.62500000 -1.41100585
562185.50000000 1825367.62500000 -2.13500500
562194.37500000 1825350.50000000 -2.27900219
562207.37500000 1825363.25000000 -1.53499877
562178.62500000 1825386.50000000 -1.87099731
562185.62500000 1825405.12500000 -1.18000305
562196.56298828 1825383.25000000 -1.39100158
562205.56298828 1825401.62500000 -0.67200744
562223.37500000 1825373.50000000 -0.75199401
562237.81298828 1825359.25000000 -0.62400329
562231.75000000 1825390.75000000 -0.04900635
562223.37500000 1825407.25000000 0.02699768
562247.62500000 1825295.50000000 -2.27799511
562266.43798828 1825289.37500000 -2.06600475
562261.50000000 1825307.25000000 -1.56899536
562253.37500000 1825343.50000000 -0.61399353
562262.56298828 1825326.75000000 -0.89899719
562287.31298828 1825289.50000000 -1.78899658
562283.81298828 1825311.50000000 -0.90699279
562302.50000000 1825303.37500000 -0.96900451
562276.56298828 1825338.25000000 -0.18799867
562295.62500000 1825327.25000000 -0.09000671
562253.43798828 1825370.25000000 0.14699280
562267.43798828 1825357.25000000 0.16299927
562243.25000000 1825407.37500000 0.72299683
562255.50000000 1825393.37500000 0.82599366
562271.37500000 1825381.25000000 0.97499573
562285.31298828 1825363.12500000 0.81099427
562295.56298828 1825347.37500000 0.56999695
562303.43798828 1825368.50000000 1.44200623
562272.50000000 1825399.37500000 1.50299561
562290.56298828 1825386.50000000 1.64000428
562294.37500000 1825405.37500000 3.02600574
562127.37500000 1825413.87500000 -2.67400646
562126.62500000 1825438.50000000 -2.60200024
562143.31298828 1825426.62500000 -2.00800610
562127.62500000 1825457.50000000 -2.31699657
562163.75000000 1825422.75000000 -1.39100158
562145.31298828 1825446.62500000 -1.86699951
562144.50000000 1825471.37500000 -1.54700744
562166.62500000 1825446.12500000 -1.11199462
562162.62500000 1825467.37500000 -1.01299560
562127.25000000 1825480.25000000 -1.95200622
562128.43798828 1825503.50000000 -1.91799438
562127.31298828 1825527.25000000 -2.05500317
562159.56298828 1825487.50000000 -0.81200683
562171.75000000 1825502.62500000 -0.36500061
562146.68798828 1825506.50000000 -1.30599487
562149.50000000 1825527.75000000 -1.26999938
562169.56298828 1825523.62500000 -0.62600219
562126.62500000 1825548.62500000 -1.89699829
562131.37500000 1825567.50000000 -1.84299743
562127.68798828 1825598.75000000 -2.29799938
562142.37500000 1825583.50000000 -1.43900573
562145.31298828 1825547.50000000 -1.24300659
562159.50000000 1825561.75000000 -0.86199462
562166.68798828 1825543.25000000 -0.48200500
562151.25000000 1825599.50000000 -1.49599731
562163.43798828 1825581.25000000 -0.70800292
562172.68798828 1825599.12500000 -0.73400390
562126.43798828 1825618.37500000 -2.54700756
562140.81298828 1825630.62500000 -1.92899597
562127.75000000 1825646.50000000 -2.50500011
562139.25000000 1825660.62500000 -2.21599865
562157.68798828 1825622.50000000 -1.35399902
562175.12500000 1825630.37500000 -0.69300354
562151.18798828 1825645.37500000 -1.67400634
562162.50000000 1825659.75000000 -1.32099426
562182.50000000 1825422.87500000 -0.80300415
562189.75000000 1825439.50000000 -0.30300415
562205.31298828 1825423.50000000 -0.14899719
562182.18798828 1825467.25000000 -0.36199462
562201.12500000 1825455.62500000 0.18199646
562214.81298828 1825439.75000000 0.48599732
562229.87500000 1825429.25000000 0.68500245
562215.37500000 1825468.50000000 0.76500428
562231.43798828 1825447.50000000 1.12999451
562234.62500000 1825466.50000000 1.44299805
562187.43798828 1825484.62500000 0.04399597
562190.00000000 1825503.62500000 0.26599610
562206.50000000 1825491.25000000 0.74399292
562187.75000000 1825523.25000000 0.02100098
562206.31298828 1825513.50000000 0.75999939
562201.56298828 1825535.25000000 0.64900696
562223.43798828 1825499.37500000 1.37100708
562237.87500000 1825484.62500000 1.71899903
562221.87500000 1825527.75000000 1.31500733
562239.43798828 1825511.50000000 2.01799512
562239.50000000 1825531.37500000 2.20500660
562253.62500000 1825423.25000000 1.38600647
562267.75000000 1825437.50000000 2.32100391
562249.62500000 1825451.62500000 1.76500428
562252.50000000 1825471.50000000 2.22200489
562267.50000000 1825459.87500000 3.03799915
562272.50000000 1825418.50000000 2.14799976
562287.56298828 1825429.50000000 3.49600697
562287.81298828 1825447.50000000 4.98500538
562254.62500000 1825494.37500000 3.29399586
562271.87500000 1825481.12500000 4.36800098
562263.68798828 1825510.25000000 4.27499866
562258.43798828 1825534.25000000 4.31000233
562283.31298828 1825495.12500000 9.31200123
562281.31298828 1825513.50000000 8.90900135
562181.81298828 1825556.62500000 -0.03100098
562197.56298828 1825566.50000000 0.40999329
562182.37500000 1825579.12500000 -0.04499329
562192.75000000 1825599.12500000 -0.02599609
562218.31298828 1825546.37500000 1.28600037
562239.37500000 1825549.37500000 2.25400257
562232.75000000 1825567.25000000 1.62199891
562213.43798828 1825579.25000000 1.01599610
562211.31298828 1825599.25000000 0.62100708
562230.50000000 1825594.37500000 1.42000306
562194.06298828 1825618.50000000 -0.01000488
562186.68798828 1825647.50000000 -0.45499694
562202.43798828 1825638.37500000 0.31000245
562201.56298828 1825663.12500000 0.25000489
562223.43798828 1825615.37500000 1.09599793
562233.43798828 1825630.50000000 1.41400635
562218.62500000 1825650.37500000 0.71700013
562238.56298828 1825651.37500000 1.47800171
562271.50000000 1825549.50000000 6.11299610
562258.56298828 1825563.50000000 4.44200611
562246.62500000 1825579.37500000 2.93700123
562249.50000000 1825599.25000000 3.11899281
562271.62500000 1825576.00000000 7.25400257
562269.50000000 1825599.00000000 6.78299427
562250.37500000 1825623.50000000 3.02400684
562269.31298828 1825621.00000000 6.69499683
562253.37500000 1825641.25000000 3.14299512
562258.56298828 1825662.25000000 3.60100269
562273.37500000 1825650.50000000 7.31999683
562316.50000000 1825262.50000000 -2.64699841
562335.56298828 1825261.37500000 -2.44799328
562328.50000000 1825279.50000000 -1.64899719
562347.31298828 1825279.50000000 -1.32999694
562359.37500000 1825265.37500000 -1.65900695
562374.68798828 1825279.87500000 -0.96399963
562387.18798828 1825262.37500000 -2.40499401
562399.75000000 1825279.75000000 -0.97199523
562409.50000000 1825262.25000000 -1.44599426
562421.31298828 1825279.62500000 -0.32500732
562322.62500000 1825302.37500000 -0.67800415
562314.62500000 1825318.50000000 -0.13000000
562315.68798828 1825341.37500000 0.81299317
562335.43798828 1825327.62500000 0.65700257
562343.43798828 1825308.50000000 -0.02199829
562358.50000000 1825298.50000000 -0.18700685
562346.43798828 1825343.25000000 1.54399598
562357.12500000 1825326.50000000 1.07500184
562331.43798828 1825357.50000000 1.73500550
562321.87500000 1825375.62500000 2.13300037
562311.25000000 1825393.50000000 3.28299427
562333.62500000 1825391.62500000 4.41299915
562323.56298828 1825407.75000000 5.10500050
562339.93798828 1825374.12500000 3.45099354
562358.62500000 1825359.50000000 3.14999866
562351.31298828 1825389.50000000 7.85100269
562385.50000000 1825297.50000000 -0.08300293
562375.56298828 1825319.25000000 1.12999451
562369.50000000 1825343.50000000 2.16400623
562394.50000000 1825314.50000000 0.90799439
562388.50000000 1825334.62500000 1.90700257
562411.43798828 1825296.62500000 0.24699891
562431.18798828 1825300.50000000 0.77699769
562414.75000000 1825315.37500000 1.32300293
562407.62500000 1825333.50000000 2.47699451
562431.50000000 1825322.62500000 1.87300599
562425.43798828 1825342.37500000 3.59900379
562379.81298828 1825359.37500000 4.73500538
562398.37500000 1825351.37500000 3.84000111
562395.50000000 1825369.62500000 7.13600636
562369.81298828 1825378.12500000 7.20900440
562416.68798828 1825358.50000000 6.44800282
562438.43798828 1825263.37500000 -1.07599914
562461.31298828 1825263.37500000 -1.45899475
562449.81298828 1825277.50000000 -0.39100158
562470.62500000 1825279.50000000 -0.20899475
562489.75000000 1825263.62500000 -1.06600463
562503.50000000 1825276.50000000 0.24100220
562520.25000000 1825262.75000000 1.83299744
562540.37500000 1825262.62500000 -0.89100158
562558.25000000 1825265.62500000 -0.52399719
562529.87500000 1825278.50000000 1.48799622
562446.25000000 1825311.37500000 1.46399415
562459.50000000 1825295.37500000 0.75899231
562447.68798828 1825333.75000000 3.34300709
562462.50000000 1825322.25000000 2.49199390
562478.50000000 1825298.37500000 1.31700623
562493.62500000 1825310.25000000 2.39699268
562467.62500000 1825341.50000000 4.27400684
562487.43798828 1825332.50000000 2.96800709
562439.50000000 1825353.50000000 6.63800526
562456.75000000 1825359.62500000 8.36299610
562479.37500000 1825359.50000000 8.69600391
562508.75000000 1825295.25000000 1.85300171
562527.62500000 1825297.37500000 2.45799732
562505.56298828 1825326.62500000 2.60800648
562522.68798828 1825319.75000000 2.57700062
562523.56298828 1825343.50000000 5.89799976
562547.50000000 1825282.50000000 0.58200562
562549.50000000 1825303.62500000 1.79700196
562542.68798828 1825323.50000000 2.39900684
562541.81298828 1825342.62500000 5.12799549
562502.75000000 1825347.62500000 5.77800465
562305.18798828 1825423.25000000 4.50200367
562326.50000000 1825426.37500000 8.92200184
562127.50000000 1825679.12500000 -2.49900341
562142.25000000 1825695.50000000 -1.99100769
562126.37500000 1825707.25000000 -2.76600170
562129.18798828 1825726.12500000 -2.68599987
562154.50000000 1825679.62500000 -1.52599609
562175.18798828 1825673.50000000 -0.71700561
562167.62500000 1825694.50000000 -1.10000122
562153.75000000 1825711.50000000 -1.65600097
562163.62500000 1825727.37500000 -1.49799621
562175.37500000 1825713.50000000 -0.86899841
562127.25000000 1825750.37500000 -2.55700207
562142.62500000 1825738.62500000 -2.13300610
562126.43798828 1825771.50000000 -2.71900463
562129.68798828 1825789.50000000 -2.70499706
562149.56298828 1825759.25000000 -1.88599670
562166.62500000 1825746.50000000 -1.26699340
562146.56298828 1825779.25000000 -2.13300610
562171.37500000 1825767.50000000 -1.24799621
562160.37500000 1825791.50000000 -1.75500000
562126.68798828 1825807.75000000 -3.05500317
562138.56298828 1825823.25000000 -2.87600231
562126.75000000 1825843.87500000 -3.55999279
562146.43798828 1825803.37500000 -2.37200451
562170.93798828 1825807.75000000 -1.62200439
562161.31298828 1825823.62500000 -2.13300610
562146.68798828 1825839.37500000 -2.84000683
562167.43798828 1825842.75000000 -2.20800304
562126.12500000 1825863.37500000 -3.83599377
562126.43798828 1825882.37500000 -3.70499706
562143.37500000 1825873.00000000 -3.18299389
562133.18798828 1825902.62500000 -3.34400463
562155.62500000 1825858.50000000 -2.82099438
562171.25000000 1825867.50000000 -2.26000500
562162.37500000 1825883.62500000 -2.49399853
562151.43798828 1825911.50000000 -2.70299816
562173.56298828 1825902.50000000 -2.05199718
562191.31298828 1825686.50000000 -0.18000305
562190.31298828 1825724.62500000 -0.59600341
562199.56298828 1825706.37500000 -0.00500000
562217.62500000 1825675.50000000 0.82300293
562217.43798828 1825694.50000000 0.66100037
562238.56298828 1825670.37500000 1.62100708
562238.50000000 1825690.37500000 1.46599305
562213.50000000 1825719.25000000 0.19699585
562234.50000000 1825711.37500000 1.14999878
562187.25000000 1825745.25000000 -0.59200561
562201.50000000 1825757.37500000 -0.21000183
562207.06298828 1825738.62500000 0.03999817
562179.50000000 1825786.37500000 -1.08500183
562199.56298828 1825779.25000000 -0.41900146
562219.43798828 1825759.37500000 0.34900391
562225.50000000 1825734.50000000 0.64400208
562237.37500000 1825751.37500000 0.98599732
562214.18798828 1825791.37500000 -0.00600708
562234.50000000 1825771.37500000 0.74800599
562236.25000000 1825789.50000000 0.73599732
562257.43798828 1825682.62500000 2.97600269
562254.50000000 1825703.25000000 2.08499622
562247.43798828 1825726.37500000 1.37500489
562271.56298828 1825697.12500000 4.73099232
562268.56298828 1825719.37500000 3.46300220
562274.50000000 1825671.50000000 5.79399586
562285.43798828 1825710.00000000 7.74399281
562260.43798828 1825743.00000000 1.87500489
562255.37500000 1825763.12500000 1.46800721
562254.62500000 1825781.75000000 1.35599244
562283.56298828 1825735.12500000 6.10800648
562277.50000000 1825759.50000000 3.36299610
562297.31298828 1825759.00000000 8.55299854
562272.62500000 1825783.25000000 2.02899647
562290.50000000 1825779.37500000 4.25800037
562191.50000000 1825801.50000000 -0.88700378
562183.56298828 1825822.37500000 -1.38300598
562202.43798828 1825822.50000000 -0.76499450
562186.50000000 1825843.50000000 -1.59099853
562206.81298828 1825841.75000000 -0.89899719
562219.62500000 1825813.50000000 -0.09800232
562239.31298828 1825809.25000000 0.58099854
562223.62500000 1825853.37500000 -0.49599731
562231.37500000 1825829.37500000 0.08600342
562190.37500000 1825867.50000000 -1.61599243
562182.43798828 1825885.62500000 -1.82999694
562205.18798828 1825879.37500000 -1.11600769
562180.56298828 1825919.50000000 -1.97800720
562195.37500000 1825898.62500000 -1.38900268
562205.87500000 1825919.62500000 -1.31899536
562223.31298828 1825886.50000000 -0.55199707
562233.62500000 1825870.62500000 -0.21000183
562223.37500000 1825905.12500000 -0.70299804
562239.62500000 1825916.62500000 -0.41199768
562250.37500000 1825823.50000000 0.79599488
562258.43798828 1825803.75000000 1.26300538
562268.75000000 1825823.37500000 1.40199769
562243.18798828 1825846.37500000 0.22899354
562263.50000000 1825845.62500000 0.90700257
562282.62500000 1825799.50000000 3.23199940
562287.43798828 1825819.50000000 2.87999439
562302.81298828 1825798.75000000 6.23000050
562286.31298828 1825839.50000000 1.68799317
562303.50000000 1825828.50000000 3.78700733
562303.43798828 1825851.50000000 3.14299512
562254.56298828 1825864.50000000 0.46599305
562245.43798828 1825887.37500000 0.07599365
562265.43798828 1825879.62500000 0.68599427
562254.43798828 1825905.62500000 0.09999573
562271.75000000 1825915.37500000 0.38899720
562279.43798828 1825859.37500000 1.26700318
562285.37500000 1825879.50000000 1.20299256
562301.50000000 1825869.37500000 1.77199280
562275.56298828 1825895.50000000 0.75899231
562295.62500000 1825895.50000000 1.28400147
562290.50000000 1825914.50000000 0.84599793
562127.25000000 1825923.50000000 -3.41700268
562127.31298828 1825946.50000000 -3.66300488
562127.12500000 1825969.37500000 -3.87600231
562139.31298828 1825983.62500000 -3.68299389
562146.68798828 1825930.37500000 -2.98299694
562144.75000000 1825951.37500000 -3.26099682
562168.50000000 1825935.50000000 -2.46799755
562154.50000000 1825967.75000000 -3.14699841
562171.68798828 1825957.37500000 -2.60900402
562167.18798828 1825981.75000000 -2.96999645
562126.43798828 1826003.75000000 -4.18499279
562142.75000000 1826011.62500000 -3.84299755
562125.81298828 1826023.37500000 -4.35900402
562128.50000000 1826046.50000000 -4.61899853
562159.37500000 1826000.25000000 -3.33399487
562145.62500000 1826031.75000000 -4.03400707
562160.68798828 1826019.62500000 -3.53699780
562167.62500000 1826039.62500000 -3.66700268
562127.37500000 1826076.25000000 -5.07999706
562140.37500000 1826062.50000000 -4.59699535
562133.31298828 1826095.50000000 -5.25500011
562157.37500000 1826071.50000000 -4.35799694
562170.68798828 1826058.87500000 -3.87899303
562153.37500000 1826091.62500000 -4.77300549
562175.50000000 1826080.37500000 -4.02500439
562170.56298828 1826103.37500000 -4.36500072
562185.31298828 1825942.50000000 -2.10700488
562204.81298828 1825939.25000000 -1.58199584
562188.62500000 1825963.50000000 -2.25800610
562185.75000000 1825983.50000000 -2.53600597
562207.56298828 1825971.37500000 -1.88799560
562222.37500000 1825928.75000000 -1.01099670
562225.93798828 1825948.12500000 -1.18099487
562227.43798828 1825966.62500000 -1.37400329
562239.50000000 1825980.75000000 -1.26600158
562178.81298828 1826003.25000000 -2.91700268
562199.62500000 1825999.50000000 -2.40900707
562183.43798828 1826025.12500000 -3.11599255
562191.93798828 1826041.62500000 -3.15900707
562203.75000000 1826021.25000000 -2.60599780
562219.62500000 1825987.50000000 -1.80399597
562216.68798828 1826007.62500000 -2.13100719
562239.31298828 1825999.25000000 -1.50100219
562211.50000000 1826039.50000000 -2.65499401
562231.50000000 1826018.87500000 -1.93200195
562228.62500000 1826047.25000000 -2.28499889
562247.18798828 1825933.75000000 -0.48200500
562244.31298828 1825951.87500000 -0.80399597
562270.00000000 1825935.62500000 0.00000488
562255.68798828 1825971.12500000 -0.77399719
562266.93798828 1825954.50000000 -0.32500732
562285.43798828 1825949.37500000 0.17099486
562299.50000000 1825935.50000000 0.64699280
562279.56298828 1825967.87500000 -0.16700256
562289.37500000 1825983.50000000 -0.10300720
562302.87500000 1825956.87500000 0.53000367
562251.50000000 1826013.50000000 -1.36699951
562258.50000000 1825990.25000000 -0.93700683
562243.25000000 1826035.50000000 -1.79799926
562263.43798828 1826030.50000000 -1.24199951
562277.43798828 1825998.62500000 -0.56200683
562300.43798828 1825999.37500000 -0.01200378
562282.56298828 1826023.37500000 -0.70899475
562272.50000000 1826046.37500000 -1.25600708
562299.50000000 1826030.37500000 -0.49500549
562189.56298828 1826065.25000000 -3.49099255
562207.68798828 1826079.50000000 -3.13199902
562191.56298828 1826093.50000000 -3.68900585
562213.18798828 1826058.37500000 -2.79400134
562226.56298828 1826071.37500000 -2.56600475
562221.31298828 1826095.87500000 -2.99000072
562238.68798828 1826086.50000000 -2.51200390
562244.81298828 1826055.37500000 -1.95000732
562263.50000000 1826063.50000000 -1.68799865
562251.50000000 1826102.62500000 -2.49999523
562261.68798828 1826082.37500000 -2.00500011
562287.56298828 1826057.37500000 -1.13500488
562282.25000000 1826075.37500000 -1.50600708
562302.62500000 1826070.12500000 -1.04099548
562275.56298828 1826095.37500000 -1.93200195
562299.87500000 1826091.37500000 -1.41100585
562321.25000000 1825823.50000000 10.58000660
562323.43798828 1825847.00000000 6.14400196
562319.43798828 1825867.50000000 3.56000233
562315.50000000 1825886.37500000 2.38199329
562333.50000000 1825878.75000000 4.83099842
562311.31298828 1825906.25000000 1.51999390
562330.50000000 1825899.50000000 2.94000721
562327.50000000 1825917.50000000 2.01700306
562337.56298828 1825861.25000000 10.16600513
562349.50000000 1825893.50000000 7.90399647
562347.37500000 1825914.25000000 4.09300709
562365.62500000 1825911.25000000 10.32399464
562318.50000000 1825935.75000000 1.12900269
562334.50000000 1825949.25000000 1.36400330
562319.37500000 1825964.50000000 0.82899964
562312.06298828 1825982.37500000 0.45200074
562333.37500000 1825978.50000000 0.95099366
562347.43798828 1825934.50000000 2.90500355
562367.56298828 1825931.37500000 5.42900562
562361.62500000 1825951.25000000 2.92400074
562348.87500000 1825965.87500000 1.43199646
562356.75000000 1825982.50000000 1.31400025
562317.25000000 1826007.62500000 0.19299805
562335.56298828 1826009.50000000 0.50800049
562311.81298828 1826047.37500000 -0.51999938
562321.50000000 1826025.50000000 -0.00199402
562331.68798828 1826043.75000000 -0.09200562
562365.62500000 1825999.25000000 1.22800171
562356.62500000 1826015.50000000 0.80800354
562343.43798828 1826029.50000000 0.34700501
562350.68798828 1826046.37500000 0.22299683
562366.37500000 1826034.50000000 0.69800293
562383.31298828 1825939.50000000 8.88100147
562399.87500000 1825949.50000000 7.26599598
562381.56298828 1825958.50000000 4.90300465
562375.56298828 1825978.50000000 2.54799366
562395.43798828 1825975.50000000 4.83400440
562413.50000000 1825966.75000000 8.37900257
562421.43798828 1825983.37500000 8.20000172
562383.68798828 1826001.50000000 1.74100220
562378.62500000 1826019.50000000 1.16600525
562381.25000000 1826045.37500000 0.80899537
562399.18798828 1826018.50000000 1.78999817
562399.87500000 1826039.37500000 1.23999512
562404.62500000 1825991.50000000 4.10699940
562416.56298828 1826007.50000000 3.76500416
562418.37500000 1826026.50000000 2.11899281
562419.75000000 1826045.12500000 1.31299317
562318.31298828 1826079.62500000 -0.88799560
562323.68798828 1826061.62500000 -0.51699340
562315.87500000 1826103.75000000 -1.46799743
562335.87500000 1826087.62500000 -0.80700195
562346.37500000 1826069.37500000 -0.21200073
562367.37500000 1826075.00000000 -0.09899414
562345.37500000 1826103.62500000 -1.11100280
562363.68798828 1826094.37500000 -0.65099609
562382.50000000 1826063.37500000 0.39200318
562395.31298828 1826079.12500000 0.12000000
562382.87500000 1826099.12500000 -0.55399597
562405.68798828 1826058.25000000 0.80200684
562413.81298828 1826079.50000000 0.31999695
562431.68798828 1826068.12500000 0.84300721
562403.81298828 1826099.75000000 -0.23000610
562431.37500000 1826086.75000000 0.44899476
562434.37500000 1825967.50000000 9.88199329
562434.62500000 1825999.37500000 7.52199268
562446.68798828 1826015.62500000 5.34200001
562436.50000000 1826030.50000000 2.43300343
562445.25000000 1826047.62500000 1.76500428
562463.50000000 1826023.87500000 5.76599598
562466.56298828 1826043.50000000 2.23700428
562483.75000000 1826026.87500000 4.79199696
562489.43798828 1826045.37500000 2.15900135
562506.37500000 1826038.37500000 3.20999622
562523.50000000 1826045.50000000 2.28000355
562543.50000000 1826041.37500000 2.28799915
562559.37500000 1826023.62500000 6.40100574
562455.25000000 1826063.62500000 1.19800293
562442.56298828 1826103.50000000 0.47200501
562454.25000000 1826085.62500000 0.90300477
562475.50000000 1826062.50000000 1.20399964
562495.43798828 1826062.75000000 1.26199830
562484.18798828 1826079.12500000 1.12199891
562472.31298828 1826095.62500000 0.99300110
562490.37500000 1826097.62500000 0.96899903
562506.56298828 1826079.50000000 1.13100159
562516.62500000 1826062.37500000 1.26399720
562507.93798828 1826102.37500000 0.91699708
562526.25000000 1826083.75000000 1.11299622
562543.50000000 1826059.50000000 1.31200135
562550.50000000 1826079.50000000 1.15599549
562530.81298828 1826101.62500000 0.92299378
562559.62500000 1826095.50000000 0.98700440
562582.31298828 1825262.25000000 -1.12899292
562590.37506104 1825278.62500000 -0.78199279
562601.50006104 1825263.12500000 -2.09800243
562615.43804932 1825275.37500000 -2.02399731
562632.37506104 1825261.50000000 -3.39499950
562639.37506104 1825279.50000000 -2.48000622
562653.50006104 1825263.37500000 -3.80100536
562670.75006104 1825269.25000000 -3.51800060
562566.56298828 1825282.50000000 0.37199891
562568.68798828 1825309.37500000 1.54199708
562589.37506104 1825298.62500000 0.25400269
562568.31298828 1825327.50000000 2.55699635
562590.50006104 1825317.37500000 1.26900208
562587.93804932 1825338.25000000 3.16200733
562614.50006104 1825295.62500000 -0.73200500
562606.50006104 1825327.62500000 1.49899781
562623.43804932 1825313.50000000 0.10800659
562621.62506104 1825337.50000000 1.63399231
562604.62506104 1825350.62500000 4.36000538
562613.56304932 1825371.62500000 4.15999317
562618.56304932 1825393.62500000 7.57500172
562638.50006104 1825298.50000000 -1.18700683
562654.68804932 1825306.37500000 -0.83799255
562638.56304932 1825327.37500000 0.74699891
562652.56304932 1825341.62500000 1.40500367
562658.56304932 1825286.62500000 -2.24700451
562674.62506104 1825295.25000000 -1.98899353
562682.50006104 1825311.62500000 -1.37000549
562666.87506104 1825325.62500000 -0.00300110
562673.75006104 1825343.25000000 0.97699463
562625.37506104 1825357.62500000 2.93399525
562632.56304932 1825375.50000000 4.62199879
562643.62506104 1825358.25000000 2.59799671
562636.62506104 1825394.62500000 6.61800098
562655.43804932 1825377.00000000 4.17299366
562655.56304932 1825395.87500000 4.91899586
562665.50006104 1825359.25000000 2.24600697
562677.43804932 1825374.50000000 2.66600513
562673.75006104 1825393.75000000 4.07799244
562690.56304932 1825263.00000000 -4.34400463
562710.37506104 1825261.62500000 -5.27599621
562704.62506104 1825279.37500000 -3.80999279
562729.50000000 1825262.50000000 -4.61500072
562739.81298828 1825279.25000000 -4.43599987
562753.56298828 1825263.37500000 -5.85799694
562764.25000000 1825279.37500000 -5.24500561
562778.50000000 1825261.75000000 -7.30799389
562782.37500000 1825279.50000000 -6.02900219
562797.62500000 1825261.37500000 -9.98499584
562813.50000000 1825271.50000000 -12.32000256
562698.68804932 1825299.37500000 -2.21700573
562716.62506104 1825293.50000000 -2.75600719
562718.68804932 1825311.50000000 -2.04299450
562699.25006104 1825319.50000000 -0.87299621
562707.37506104 1825337.37500000 -0.25699890
562736.68798828 1825297.50000000 -3.38399792
562731.43798828 1825326.75000000 -1.59000671
562751.75000000 1825321.62500000 -3.12800121
562745.56298828 1825343.87500000 -2.06299877
562719.81304932 1825355.50000000 -0.02100647
562690.68804932 1825350.50000000 0.95000184
562697.62506104 1825367.50000000 1.64600098
562693.43804932 1825391.37500000 2.74899769
562711.50006104 1825379.50000000 1.58400452
562704.81304932 1825406.75000000 3.51500416
562738.37500000 1825363.62500000 -0.62699401
562751.43798828 1825384.50000000 -0.14100160
562729.50000000 1825382.75000000 0.90100586
562722.75006104 1825403.75000000 2.12700367
562742.50000000 1825401.25000000 0.93500245
562757.50000000 1825298.75000000 -3.93700695
562775.50000000 1825310.50000000 -5.16100597
562766.56298828 1825334.50000000 -3.76699352
562796.75000000 1825291.87500000 -7.21299267
562795.31298828 1825311.50000000 -6.47899914
562814.50000000 1825294.62500000 -8.78299999
562786.62500000 1825331.62500000 -4.54000378
562807.43798828 1825325.37500000 -5.49900341
562803.25000000 1825343.37500000 -4.35599804
562762.56298828 1825358.37500000 -1.85099304
562782.62500000 1825359.25000000 -2.69500256
562766.56298828 1825402.75000000 -0.03499878
562770.37500000 1825381.62500000 -1.29999816
562797.37500000 1825375.50000000 -2.53600597
562815.43798828 1825361.62500000 -4.06800365
562786.68798828 1825394.62500000 -1.27700317
562806.93798828 1825390.87500000 -2.47300243
562643.43804932 1825411.37500000 7.41499805
562663.62506104 1825418.37500000 7.79900074
562681.18804932 1825410.12500000 5.01300526
562679.87506104 1825431.50000000 6.75800037
562698.75006104 1825425.00000000 4.53499317
562718.31304932 1825421.50000000 2.88899708
562691.18804932 1825447.50000000 5.37700367
562710.31304932 1825442.87500000 5.14400196
562719.56304932 1825458.62500000 4.64400196
562732.50000000 1825438.50000000 2.79599476
562739.43798828 1825419.25000000 1.78700745
562751.75000000 1825439.25000000 1.71100342
562732.68798828 1825471.75000000 4.11699390
562750.43798828 1825459.62500000 2.03400135
562714.50006104 1825478.50000000 7.53299427
562731.56298828 1825489.87500000 6.64900684
562746.50000000 1825503.50000000 3.93300343
562727.37500000 1825519.50000000 9.28299427
562737.87500000 1825534.75000000 5.94699574
562779.68798828 1825415.50000000 -0.07799805
562758.62500000 1825419.50000000 0.87100708
562769.56298828 1825434.37500000 0.74199402
562769.50000000 1825454.37500000 1.09399903
562779.87500000 1825471.50000000 1.09599793
562798.43798828 1825410.37500000 -0.93700683
562791.37500000 1825431.50000000 -0.39400756
562811.50000000 1825426.50000000 -1.45699584
562795.43798828 1825454.37500000 -0.02700317
562814.43798828 1825451.50000000 -0.93099487
562808.50000000 1825471.37500000 -0.20099916
562752.75000000 1825479.62500000 2.77800465
562765.50000000 1825498.50000000 2.04399586
562756.37500000 1825518.87500000 3.11800098
562782.43798828 1825505.62500000 1.34799683
562773.62500000 1825526.87500000 2.01100636
562811.50000000 1825493.25000000 -0.02599609
562791.62500000 1825487.62500000 0.80899537
562815.81298828 1825511.12500000 -0.01600159
562791.37500000 1825531.37500000 1.46100342
562811.43798828 1825530.25000000 0.37599671
562757.25000000 1825538.75000000 3.47899342
562765.43798828 1825558.37500000 3.12999439
562756.50000000 1825575.75000000 6.57799244
562758.37500000 1825594.87500000 5.36699390
562774.50000000 1825579.50000000 2.95500660
562777.62500000 1825599.37500000 3.05899525
562786.12500000 1825550.50000000 1.62999451
562796.43798828 1825565.37500000 1.23700440
562809.43798828 1825549.50000000 0.39699280
562796.43798828 1825583.37500000 1.17999756
562813.37500000 1825573.25000000 0.33499634
562812.68798828 1825594.37500000 0.30699646
562761.56298828 1825615.87500000 5.79799366
562779.68798828 1825619.50000000 2.93199635
562759.25000000 1825642.75000000 6.53000355
562759.37500000 1825663.87500000 7.15100574
562779.87500000 1825638.87500000 3.06700611
562778.18798828 1825659.87500000 2.52800465
562797.50000000 1825607.37500000 1.12500489
562797.43798828 1825626.50000000 1.17799866
562815.75000000 1825635.87500000 -0.03299988
562810.93798828 1825658.00000000 -0.02500427
562793.93798828 1825650.87500000 1.29700196
562829.50000000 1825263.75000000 -15.19700146
562838.50000000 1825279.62500000 -14.89199352
562850.56298828 1825262.50000000 -18.04200172
562869.50000000 1825262.50000000 -20.36100197
562877.50000000 1825279.50000000 -20.69799232
562822.25000000 1825311.37500000 -7.00500011
562835.50000000 1825299.50000000 -9.82799816
562822.81298828 1825339.37500000 -5.59299755
562839.50000000 1825327.12500000 -5.91599560
562855.56298828 1825289.37500000 -15.69900036
562854.50000000 1825307.62500000 -12.96000195
562871.50000000 1825298.50000000 -18.12699318
562857.56298828 1825327.50000000 -8.70899487
562874.56298828 1825317.50000000 -14.44599438
562868.50000000 1825343.50000000 -8.13500500
562828.62500000 1825375.37500000 -3.94100475
562834.81298828 1825355.50000000 -4.98299694
562817.37500000 1825407.25000000 -1.86500061
562830.75000000 1825394.25000000 -2.81699657
562847.43798828 1825382.50000000 -4.15499401
562847.68798828 1825401.37500000 -3.45699596
562857.75000000 1825359.75000000 -5.87299633
562870.31298828 1825374.25000000 -5.29299450
562865.50000000 1825394.37500000 -4.41500378
562890.43798828 1825309.50000000 -21.09899330
562886.37500000 1825331.50000000 -14.65799999
562887.50000000 1825351.50000000 -13.15400219
562889.68798828 1825375.62500000 -6.30100536
562885.50000000 1825395.37500000 -6.00100231
562829.37500000 1825430.62500000 -2.15299511
562845.56298828 1825438.62500000 -2.59099865
562830.68798828 1825463.50000000 -1.36600769
562860.62500000 1825415.50000000 -3.99799633
562865.56298828 1825439.37500000 -3.45600414
562879.50000000 1825427.62500000 -4.33199596
562850.56298828 1825463.75000000 -2.22700024
562870.25000000 1825458.50000000 -3.22500134
562826.56298828 1825481.62500000 -0.80399597
562847.43798828 1825483.37500000 -1.80900085
562832.68798828 1825502.50000000 -0.90099609
562831.62500000 1825529.37500000 -0.75899780
562853.81298828 1825503.62500000 -1.93799865
562865.68798828 1825479.37500000 -2.69399548
562873.50000000 1825499.62500000 -2.96399975
562851.62500000 1825526.50000000 -1.85500610
562870.56298828 1825517.62500000 -2.77700329
562879.50000000 1825535.37500000 -3.57900524
562885.43798828 1825446.25000000 -4.21299267
562886.81298828 1825467.37500000 -3.66100597
562889.31298828 1825487.37500000 -3.93799877
562890.56298828 1825514.25000000 -3.86399364
562829.43798828 1825551.50000000 -0.63700378
562847.37500000 1825553.50000000 -1.54299438
562831.31298828 1825581.37500000 -0.68900573
562840.43798828 1825599.25000000 -1.38599670
562863.12500000 1825543.37500000 -2.54499340
562862.56298828 1825566.37500000 -2.27100658
562849.43798828 1825579.25000000 -1.66799438
562860.56298828 1825596.50000000 -2.57799816
562879.50000000 1825576.62500000 -3.29299450
562878.56298828 1825597.62500000 -3.71500683
562821.43798828 1825611.37500000 -0.28600585
562839.37500000 1825618.25000000 -1.38799560
562829.56298828 1825651.37500000 -1.28400695
562845.37500000 1825638.75000000 -1.92499816
562844.62500000 1825661.37500000 -2.76699352
562857.37500000 1825615.25000000 -2.53100109
562874.37500000 1825622.50000000 -3.47399426
562863.50000000 1825640.50000000 -3.10200024
562863.62500000 1825660.62500000 -4.22899914
562883.56298828 1825557.75000000 -3.33599377
562883.50000000 1825639.50000000 -4.32799816
562888.50000000 1825663.50000000 -6.29799938
562675.68804932 1825919.50000000 7.91600513
562736.87500000 1825721.50000000 8.71899891
562733.43798828 1825759.87500000 7.46899891
562749.37500000 1825739.87500000 5.45500660
562727.93798828 1825789.25000000 8.44499683
562745.37500000 1825775.50000000 5.57700062
562758.31298828 1825691.87500000 5.70799732
562776.37500000 1825679.87500000 2.75299549
562755.50000000 1825709.87500000 4.50299549
562762.37500000 1825727.50000000 3.29399586
562774.50000000 1825701.87500000 2.94299793
562778.50000000 1825719.50000000 1.95399964
562806.87500000 1825675.87500000 -0.01699341
562805.93798828 1825695.62500000 -0.03199280
562807.87500000 1825720.87500000 -0.02900208
562756.43798828 1825758.87500000 3.54799366
562779.62500000 1825739.25000000 1.66499817
562780.56298828 1825757.25000000 1.46800721
562766.50000000 1825775.50000000 2.68300343
562753.25000000 1825791.62500000 2.96899891
562777.37500000 1825791.37500000 1.29399598
562799.93798828 1825757.87500000 -0.00300110
562802.75000000 1825738.37500000 -0.04900635
562797.31298828 1825779.75000000 -0.00800598
562815.56298828 1825781.37500000 -1.61599243
562703.50006104 1825847.87500000 6.94699574
562718.62506104 1825829.87500000 7.09099293
562727.25000000 1825807.87500000 7.22499561
562743.62500000 1825823.50000000 3.22600269
562721.50006104 1825847.87500000 5.17799854
562739.62500000 1825843.50000000 3.37999439
562695.62506104 1825869.62500000 7.63800526
562714.56304932 1825867.87500000 5.09500599
562716.12506104 1825886.75000000 3.44600391
562698.62506104 1825891.75000000 6.41899586
562695.62506104 1825917.62500000 4.17400074
562710.56304932 1825906.62500000 3.30699635
562734.75000000 1825866.25000000 1.70599854
562735.50000000 1825887.37500000 1.71899903
562750.37500000 1825875.62500000 1.06500733
562751.87500000 1825913.37500000 -0.01299561
562727.62500000 1825912.50000000 1.59900391
562767.25000000 1825807.25000000 1.71199524
562783.43798828 1825817.50000000 0.51100647
562783.56298828 1825847.37500000 -0.00600708
562763.56298828 1825830.62500000 1.56000245
562757.75000000 1825851.75000000 1.22499573
562793.62500000 1825799.50000000 -0.02500427
562814.68798828 1825802.37500000 -1.84899414
562802.31298828 1825818.50000000 -0.87499511
562803.62500000 1825838.62500000 -1.01699340
562764.50000000 1825887.50000000 -0.06200684
562773.87500000 1825867.25000000 -0.01200378
562783.56298828 1825893.62500000 -1.35399902
562771.50000000 1825913.37500000 -1.29000366
562795.62500000 1825861.75000000 -0.93799865
562815.50000000 1825857.25000000 -1.95200622
562803.50000000 1825878.50000000 -1.90499389
562799.56298828 1825907.25000000 -2.75899792
562815.62500000 1825918.50000000 -4.15099621
562566.56298828 1826039.50000000 1.67400086
562587.56304932 1826029.50000000 2.40900135
562606.50006104 1826026.50000000 2.37300587
562597.62506104 1826047.12500000 1.44000733
562623.62506104 1826038.50000000 1.50499451
562662.37506104 1825951.87500000 6.33899403
562683.31304932 1825941.87500000 4.55800343
562656.50006104 1825983.37500000 3.89799976
562669.43804932 1825969.50000000 3.52400684
562685.62506104 1825977.50000000 2.45999622
562647.56304932 1826003.62500000 3.05299854
562638.75006104 1826019.50000000 2.43700123
562653.56304932 1826030.62500000 1.41800416
562641.56304932 1826046.62500000 1.33499634
562671.68804932 1825998.50000000 2.33400440
562664.62506104 1826015.50000000 1.43399537
562687.50006104 1826011.12500000 0.70500672
562679.50006104 1826047.50000000 -0.00399292
562683.81304932 1826028.75000000 0.32300293
562561.50000000 1826063.62500000 1.29500306
562571.56298828 1826079.87500000 1.15100586
562582.62500000 1826059.50000000 1.33000672
562587.18804932 1826093.12500000 1.01399720
562599.81304932 1826066.75000000 1.28799927
562619.37506104 1826059.62500000 1.36000550
562613.75006104 1826078.62500000 1.16600525
562605.81304932 1826095.75000000 0.98799622
562639.68804932 1826065.62500000 1.08600342
562653.25006104 1826079.87500000 0.38699830
562628.68804932 1826094.75000000 1.00200379
562646.75006104 1826101.87500000 0.52600586
562669.56304932 1826064.25000000 -0.00600708
562682.43804932 1826079.50000000 -0.89600646
562668.25006104 1826094.87500000 -0.35700500
562701.43804932 1825934.87500000 3.26999378
562711.50006104 1825951.50000000 1.45700562
562701.81304932 1825967.25000000 1.57199585
562715.31304932 1825979.37500000 0.64400208
562744.56298828 1825934.50000000 -0.04900635
562737.68798828 1825951.62500000 -0.02799500
562723.50006104 1825932.50000000 1.28200257
562734.87500000 1825973.50000000 -0.32599914
562751.43798828 1825983.50000000 -1.43200195
562713.93804932 1825999.50000000 -0.02599609
562703.37506104 1826023.37500000 -0.36300170
562698.50006104 1826042.00000000 -0.68400085
562719.50006104 1826044.62500000 -1.67400634
562733.68798828 1825994.50000000 -0.80199707
562726.43798828 1826014.37500000 -1.12000549
562751.56298828 1826001.75000000 -1.90799987
562735.75000000 1826031.50000000 -2.02300549
562750.62500000 1826043.37500000 -3.00600719
562757.56298828 1825951.50000000 -1.18599975
562773.37500000 1825935.37500000 -1.88500488
562781.43798828 1825951.50000000 -2.62400341
562765.37500000 1825971.37500000 -1.99799621
562781.43798828 1825982.62500000 -3.10099316
562789.31298828 1825925.50000000 -2.79799938
562806.81298828 1825935.12500000 -4.11899853
562799.50000000 1825959.37500000 -3.80500317
562802.50000000 1825978.50000000 -4.22399426
562771.50000000 1826002.75000000 -2.93700695
562754.68798828 1826023.37500000 -2.63700390
562775.50000000 1826024.50000000 -3.59200573
562770.62500000 1826043.25000000 -3.88700390
562795.43798828 1825997.50000000 -4.12699413
562791.37500000 1826015.50000000 -4.13100719
562814.62500000 1825995.50000000 -5.16700268
562810.56298828 1826013.37500000 -5.07299328
562788.50000000 1826046.50000000 -4.75600719
562807.50000000 1826038.37500000 -5.37200451
562690.18804932 1826062.87500000 -0.82900512
562702.87506104 1826079.37500000 -1.75899780
562711.31304932 1826060.87500000 -1.69199646
562691.81304932 1826101.00000000 -1.40799987
562716.43804932 1826095.37500000 -2.46000195
562734.56298828 1826054.87500000 -2.57000256
562723.68804932 1826077.62500000 -2.60000134
562743.12500000 1826073.37500000 -3.34299755
562734.56298828 1826095.25000000 -3.26400280
562760.75000000 1826059.12500000 -3.81800365
562764.37500000 1826079.37500000 -4.38399792
562781.87500000 1826066.87500000 -4.90499401
562753.68798828 1826095.12500000 -4.11699963
562775.31298828 1826094.50000000 -5.09299755
562799.87500000 1826073.00000000 -5.80999279
562794.81298828 1826095.87500000 -5.95800304
562814.43798828 1826089.37500000 -6.73400402
562825.37500000 1825671.25000000 -1.39100158
562823.50000000 1825690.62500000 -1.18200195
562845.37500000 1825679.50000000 -2.92299938
562828.31298828 1825711.37500000 -1.46500671
562847.25000000 1825705.50000000 -3.14100170
562862.37500000 1825689.50000000 -4.07400036
562874.43798828 1825675.50000000 -5.21200085
562850.56298828 1825726.75000000 -3.52399731
562870.43798828 1825707.37500000 -4.84099865
562873.37500000 1825726.75000000 -5.21900463
562823.43798828 1825737.87500000 -1.59699523
562822.62500000 1825759.50000000 -1.82299316
562841.56298828 1825742.37500000 -2.99000072
562839.56298828 1825767.62500000 -3.31600475
562835.62500000 1825786.37500000 -3.42299938
562861.81298828 1825743.50000000 -4.51800060
562878.37500000 1825751.50000000 -5.88599682
562860.56298828 1825763.37500000 -4.73299694
562854.25000000 1825782.62500000 -4.73099804
562873.50000000 1825779.12500000 -5.57700634
562885.37500000 1825694.25000000 -6.03100109
562890.50000000 1825714.87500000 -6.96799755
562889.68798828 1825767.87500000 -7.47199535
562890.56298828 1825787.75000000 -11.12800121
562822.50000000 1825819.37500000 -2.52100658
562838.50000000 1825805.25000000 -4.09600353
562842.68798828 1825823.37500000 -4.24300671
562822.68798828 1825839.37500000 -2.35099316
562838.43798828 1825855.50000000 -3.35000134
562858.50000000 1825803.50000000 -5.53699780
562861.62500000 1825823.12500000 -5.94199657
562879.50000000 1825803.87500000 -7.08500195
562859.50000000 1825846.62500000 -5.00899792
562877.56298828 1825839.62500000 -6.13799572
562822.75000000 1825878.62500000 -2.87400341
562847.37500000 1825871.50000000 -3.78400707
562821.62500000 1825898.50000000 -3.60799694
562840.62500000 1825891.25000000 -4.20600414
562834.56298828 1825914.50000000 -4.96000195
562863.37500000 1825881.50000000 -4.79000378
562873.43798828 1825858.50000000 -5.64499950
562858.68798828 1825902.62500000 -5.38199902
562877.50000000 1825894.87500000 -6.36800671
562868.50000000 1825918.75000000 -6.48499584
562888.56298828 1825822.87500000 -9.48899364
562886.50000000 1825871.87500000 -7.15799999
562890.50000000 1825903.75000000 -19.07000160
562822.56298828 1825949.50000000 -5.24900341
562837.62500000 1825934.75000000 -6.22300243
562825.50000000 1825967.50000000 -5.40099621
562841.56298828 1825958.50000000 -6.43599987
562841.50000000 1825980.75000000 -6.46200085
562855.56298828 1825946.75000000 -7.45099926
562875.43798828 1825934.87500000 -12.51299572
562862.56298828 1825965.87500000 -7.91100597
562879.50000000 1825961.87500000 -14.90900707
562871.50000000 1825983.87500000 -10.68400097
562830.50000000 1826007.50000000 -6.14300060
562823.43798828 1826029.50000000 -5.84400463
562841.68798828 1826022.50000000 -6.58199596
562832.50000000 1826047.50000000 -6.61500072
562850.62500000 1825999.37500000 -6.87299633
562861.50000000 1826015.87500000 -8.07400036
562877.50000000 1826006.87500000 -10.18500805
562855.37500000 1826043.87500000 -7.53800488
562875.43798828 1826031.87500000 -9.43500805
562889.43798828 1825978.62500000 -15.93000317
562888.43798828 1826045.37500000 -9.02399731
562817.12500000 1826059.87500000 -6.35599804
562844.43798828 1826062.50000000 -7.55900097
562833.12500000 1826079.25000000 -7.37400341
562847.50000000 1826091.37500000 -8.21500683
562863.56298828 1826063.87500000 -8.82900524
562877.56298828 1826075.87500000 -9.20200634
562865.50000000 1826094.75000000 -9.08199596
562889.50000000 1826091.87500000 -10.03400707
